0,98,111,83,63,144,151,195,254,198,245,190,277,219,257,226,319,339,297,329,310,325,316,323,348,299,433,347,335,321,343,391,483,336,481,351,399,473,394,390,576,416,582,639,463,604,463,493,536,499,495,538,685,485,611,603,544,621,714,531,577,586,583,584,609,739,682,642,795,653,873,702,703,715,731,738,943,1027,1034,797,989,829,858,1177,911,1248,1408,1482,1506,1624,1725,1804,1831,1847,1860,1933,1971,1990,1950,1945
98,0,135,170,160,220,140,238,161,284,261,249,265,244,315,324,246,284,381,335,387,351,374,312,339,367,347,394,426,350,428,365,389,415,406,440,479,420,449,457,479,506,499,542,561,524,560,573,508,595,593,522,588,551,557,557,626,576,624,627,672,676,680,624,695,670,652,729,721,748,789,793,798,749,755,831,859,932,941,892,913,922,894,1079,944,1151,1317,1384,1408,1527,1648,1706,1733,1750,1764,1840,1876,1896,1867,1866
111,135,0,98,148,111,249,104,229,182,136,298,167,329,183,269,381,252,268,237,266,221,241,426,237,401,476,260,325,432,314,284,446,428,407,427,358,554,500,491,578,489,517,619,487,656,508,450,633,504,515,640,689,585,691,503,504,708,746,581,577,565,593,693,577,804,574,613,854,654,916,682,700,825,841,728,986,988,989,791,1045,817,967,1161,1021,1251,1355,1473,1489,1591,1645,1783,1803,1813,1819,1884,1930,1944,1877,1866
83,170,98,0,70,63,230,136,308,116,203,226,254,278,181,173,402,350,214,324,226,268,238,396,318,316,514,275,256,373,261,373,533,335,505,330,315,555,420,404,646,390,614,699,400,687,413,410,611,427,430,608,756,497,693,596,461,701,793,485,503,506,513,619,527,823,659,561,879,579,955,623,628,753,776,661,1025,1078,1081,722,1072,752,892,1240,948,1319,1449,1549,1569,1678,1743,1865,1888,1901,1910,1978,2021,2036,1975,1964
63,160,148,70,0,130,175,205,317,163,269,157,314,210,249,165,363,393,261,384,280,338,304,331,380,254,483,343,289,303,305,431,546,282,539,290,364,502,355,344,636,355,642,701,403,648,400,458,548,445,436,542,744,438,638,650,506,642,765,468,523,540,526,552,567,776,720,599,835,598,919,655,649,685,707,687,989,1090,1097,744,1029,778,825,1238,881,1306,1471,1542,1567,1686,1783,1866,1893,1897,1922,1996,2034,2052,2009,2003
144,220,111,63,130,0,293,95,339,71,166,282,231,339,119,176,460,348,162,300,168,217,175,459,285,361,567,213,214,432,209,347,557,369,509,351,259,617,467,445,686,406,622,730,379,743,407,353,674,393,406,671,796,535,755,575,406,764,844,481,466,459,483,669,475,882,625,510,937,543,1009,576,590,803,830,619,1079,1098,1097,681,1130,709,941,1272,998,1359,1461,1583,1600,1701,1735,1893,1913,1922,1928,1991,2038,2051,1972,1957
151,140,249,230,175,293,0,344,271,337,385,152,401,112,407,320,200,421,435,438,453,470,466,177,475,266,328,497,462,214,480,504,480,329,530,377,539,327,329,350,515,443,612,604,552,481,527,633,386,606,587,391,615,439,464,695,680,471,610,585,685,711,681,490,741,602,792,772,663,758,754,825,810,612,616,852,822,1006,1023,906,857,942,758,1122,807,1168,1403,1414,1448,1587,1762,1751,1785,1811,1831,1917,1944,1969,1972,1978
195,238,104,136,205,95,344,0,315,139,77,362,148,410,84,263,485,279,196,218,181,132,139,519,195,449,578,156,262,508,237,260,514,460,443,441,271,656,554,535,666,494,559,694,445,758,485,359,730,444,468,733,777,625,794,488,414,809,844,560,511,485,536,755,490,908,534,526,957,587,1017,599,630,888,912,652,1087,1046,1040,717,1148,739,1027,1234,1084,1335,1397,1550,1561,1650,1655,1850,1866,1870,1872,1929,1981,1991,1895,1877
254,161,229,308,317,339,271,315,0,410,296,405,256,384,399,476,255,187,497,247,492,382,451,410,317,524,296,453,553,484,542,308,229,575,260,601,584,444,598,613,351,667,342,392,707,476,715,674,568,731,737,598,462,705,568,448,729,604,537,784,805,794,820,759,804,641,566,839,677,882,717,910,929,877,874,957,786,774,781,1020,861,1046,1023,933,1068,1022,1156,1244,1262,1372,1493,1557,1581,1595,1606,1680,1717,1736,1708,1710
198,284,182,116,163,71,337,139,410,0,215,295,287,365,121,131,517,413,99,358,117,242,161,492,331,353,629,210,144,446,145,399,628,346,575,313,202,665,460,429,755,361,689,801,310,802,346,296,709,322,336,700,866,514,802,627,346,806,908,420,395,391,412,663,412,936,665,445,993,472,1070,508,519,798,830,550,1140,1168,1167,611,1187,640,931,1343,990,1429,1529,1654,1671,1771,1794,1965,1984,1993,1998,2060,2108,2120,2034,2017
245,261,136,203,269,166,385,77,296,215,0,425,76,464,130,340,500,218,259,147,236,91,167,562,118,519,579,158,328,566,294,184,471,534,381,517,317,680,622,606,640,571,498,655,516,761,560,397,767,508,537,776,750,698,816,412,452,837,833,635,571,534,599,820,531,918,459,567,962,646,1011,645,685,953,973,703,1081,991,982,769,1150,788,1094,1190,1149,1301,1333,1508,1514,1594,1580,1800,1812,1813,1812,1865,1920,1928,1823,1803
190,249,298,226,157,282,152,362,405,295,425,0,465,87,399,221,342,524,378,535,408,494,451,221,535,119,472,494,382,152,416,580,625,177,655,228,479,424,204,208,667,292,747,756,428,609,388,566,430,495,464,412,766,302,551,792,607,541,749,441,572,616,560,396,656,709,871,683,777,641,880,725,694,528,549,741,947,1157,1172,791,967,830,670,1274,724,1315,1552,1564,1600,1740,1897,1902,1937,1963,1983,2068,2096,2121,2113,2114
277,265,167,254,314,231,401,148,256,287,76,465,0,492,206,406,485,145,335,72,312,134,238,576,74,567,549,219,404,597,370,118,407,589,306,580,391,672,667,657,587,637,423,591,591,731,633,467,772,584,613,787,694,750,805,344,522,831,790,707,647,607,675,860,601,893,407,638,932,721,971,717,760,992,1006,777,1041,918,907,843,1117,860,1134,1122,1188,1240,1257,1441,1445,1521,1507,1729,1740,1739,1737,1789,1845,1853,1748,1730
219,244,329,278,210,339,112,410,384,365,464,87,492,0,458,305,271,528,454,562,481,541,514,135,565,170,400,553,464,106,495,601,590,242,642,305,556,338,218,245,607,367,724,705,514,528,472,646,348,582,551,335,702,331,465,801,688,456,672,520,659,702,647,380,740,622,892,768,691,728,798,811,781,505,515,829,863,1109,1128,877,881,917,650,1211,701,1242,1509,1495,1534,1682,1874,1838,1876,1905,1929,2019,2042,2070,2082,2089
257,315,183,181,249,119,407,84,399,121,130,399,206,458,0,251,562,348,131,276,106,125,59,577,230,469,659,85,201,549,164,303,594,466,511,433,190,728,576,548,750,478,628,775,393,838,446,276,791,378,411,790,860,634,866,527,331,877,927,520,441,406,470,780,408,985,552,444,1036,515,1099,519,555,914,943,575,1169,1120,1112,640,1228,661,1049,1314,1107,1418,1463,1631,1640,1724,1701,1927,1941,1943,1942,1995,2051,2058,1947,1924
226,324,269,173,165,176,320,263,476,131,340,221,406,305,251,0,518,519,176,476,213,373,284,440,457,242,643,336,164,363,205,522,703,221,676,182,266,635,346,307,801,232,786,864,238,801,241,349,651,286,272,631,909,387,767,750,387,761,926,313,364,397,363,548,436,917,795,463,981,438,1074,509,490,681,720,532,1142,1248,1252,586,1174,622,810,1403,870,1471,1622,1707,1732,1847,1910,2030,2055,2070,2081,2150,2192,2208,2144,2131
319,246,381,402,363,460,200,485,255,517,500,342,485,271,562,518,0,442,616,495,628,590,621,212,556,441,130,640,651,332,663,559,379,512,489,570,718,189,473,512,342,634,537,452,752,285,726,812,318,804,787,355,432,590,319,699,863,349,410,782,882,902,881,581,928,424,821,960,477,956,556,1018,1008,681,662,1048,626,854,880,1104,670,1139,822,941,861,973,1260,1224,1263,1416,1661,1567,1606,1638,1662,1761,1778,1809,1853,1870
339,284,252,350,393,348,421,279,187,413,218,524,145,528,348,519,442,0,427,90,454,274,383,582,169,638,473,363,541,633,512,131,269,674,164,679,535,631,728,729,465,741,280,453,723,647,755,612,753,723,747,779,567,824,753,274,667,790,682,829,788,751,814,907,746,817,382,783,846,863,867,862,903,1033,1037,921,935,773,764,987,1023,1005,1178,978,1227,1102,1118,1299,1300,1376,1393,1584,1595,1595,1594,1650,1703,1712,1626,1614
297,381,268,214,261,162,435,196,497,99,259,378,335,454,131,176,616,427,0,405,41,250,132,585,361,417,728,185,70,528,47,434,708,394,638,343,104,762,522,482,847,376,754,885,263,901,323,197,801,249,280,789,957,558,899,657,247,901,1006,396,315,297,341,724,314,1035,674,348,1092,391,1169,414,435,857,895,460,1239,1242,1236,524,1286,549,984,1426,1044,1519,1591,1740,1754,1846,1832,2045,2061,2066,2068,2124,2177,2186,2078,2055
329,335,237,324,384,300,438,218,247,358,147,535,72,562,276,476,495,90,405,0,381,180,303,645,80,637,542,259,475,643,430,50,358,659,240,652,461,735,723,716,552,707,357,542,663,801,703,537,795,654,683,815,656,810,855,278,582,844,765,777,717,677,746,930,664,890,337,698,921,790,1001,787,830,1041,1051,843,1091,890,841,903,1167,925,1204,1130,1237,1240,1230,1491,1415,1481,1457,1667,1676,1700,1685,1720,1830,1784,1708,1658
310,387,266,226,280,168,453,181,492,117,236,408,312,481,106,213,628,454,41,381,0,216,94,609,331,453,735,145,104,559,59,405,696,433,617,383,93,780,558,520,843,418,733,875,297,910,362,186,826,274,312,816,954,598,917,624,239,922,1010,434,335,304,365,761,312,1049,637,347,1104,410,1176,419,450,895,932,471,1246,1225,1217,536,1297,558,1023,1415,1083,1514,1569,1731,1742,1829,1800,2031,2046,2048,2048,2101,2156,2164,2048,2023
325,351,221,268,338,217,470,132,382,242,91,494,134,541,125,373,590,274,250,180,216,0,126,646,120,578,668,91,319,640,274,194,540,583,428,555,279,770,684,661,720,603,544,724,513,850,570,344,854,488,528,861,828,750,906,408,398,927,918,644,543,490,578,886,477,1008,426,514,1052,614,1098,595,595,1019,1044,659,1168,1041,1027,726,1239,740,1158,1253,1215,1373,1367,1573,1574,1642,1584,1855,1863,1859,1853,1899,1960,1964,1833,1807
316,374,241,238,304,175,466,139,451,161,167,451,238,514,59,284,621,383,132,303,94,126,0,634,244,514,716,53,198,602,149,319,638,504,543,463,155,787,621,589,801,503,660,821,391,897,455,230,849,362,404,846,911,672,925,534,286,936,983,527,417,370,452,824,364,1044,543,401,1095,489,1156,479,525,959,991,540,1226,1155,1144,606,1286,623,1091,1357,1151,1466,1489,1675,1681,1758,1709,1966,1977,1976,1973,2022,2080,2086,1959,1932
323,312,426,396,331,459,177,519,410,492,562,221,576,135,577,440,212,582,585,645,609,646,634,0,650,276,324,669,598,134,627,675,581,351,668,424,688,212,277,325,549,481,732,663,645,418,597,779,216,716,682,214,632,391,332,854,822,321,573,639,792,837,778,370,675,495,960,903,566,860,681,946,913,475,464,961,745,1065,1091,1009,754,1050,619,1138,661,1149,1472,1408,1455,1618,1869,1759,1803,1840,1870,1969,1982,2015,2064,2079
348,339,237,318,380,285,475,195,317,331,118,535,74,565,230,457,556,169,361,80,331,120,244,650,0,633,613,211,430,669,389,74,438,651,311,635,398,743,735,722,632,689,426,621,623,793,673,464,846,604,641,861,736,814,875,297,518,903,843,747,662,610,695,930,597,958,342,633,994,733,1027,715,769,1062,1078,780,1095,924,908,846,1177,860,1204,1141,1259,1270,1246,1462,1460,1524,1471,1739,1745,1740,1733,1779,1840,1844,1717,1694
299,367,401,316,254,361,266,449,524,353,519,119,567,170,469,242,441,638,417,637,453,578,514,276,633,0,570,562,400,154,446,685,743,75,772,152,507,487,107,91,775,205,865,869,389,690,327,585,455,471,425,421,871,186,601,902,617,579,839,364,542,606,520,311,654,769,974,676,842,603,956,705,657,445,479,708,1020,1272,1289,751,1027,794,580,1381,638,1411,1668,1664,1704,1850,2015,2008,2045,2074,2096,2183,2209,2235,2231,2233
433,347,476,514,483,567,328,578,296,629,579,472,549,400,659,643,130,473,728,542,735,668,716,324,613,570,0,729,768,453,774,601,330,642,476,700,826,208,596,638,229,764,495,353,878,182,855,921,363,927,913,415,308,712,296,703,973,346,283,912,1005,1019,1006,685,1041,345,836,1074,383,1080,442,1135,1131,773,744,1169,512,746,778,1227,572,1260,909,816,942,843,1155,1095,1136,1294,1580,1440,1481,1516,1546,1646,1658,1692,1759,1783
347,394,260,275,343,213,497,156,453,210,158,494,219,553,85,336,640,363,185,259,145,91,53,669,211,562,729,0,249,644,197,284,625,555,518,516,192,812,669,639,798,556,634,809,441,911,507,254,882,407,452,882,907,723,950,491,307,965,989,579,457,400,495,873,387,1063,493,427,1110,526,1165,505,565,1007,1038,569,1235,1132,1118,636,1300,650,1141,1341,1200,1457,1457,1660,1663,1733,1665,1945,1954,1950,1944,1989,2051,2054,1917,1888
335,426,325,256,289,214,462,262,553,144,328,382,404,464,201,164,651,541,70,475,104,319,198,598,430,400,768,249,0,526,57,504,769,366,705,304,109,786,501,455,899,328,821,943,194,937,259,186,812,182,210,794,1010,524,921,726,224,918,1049,330,253,251,274,699,279,1064,741,310,1124,329,1207,367,375,830,874,406,1277,1306,1302,467,1318,496,952,1485,1013,1573,1659,1798,1814,1910,1901,2106,2124,2131,2133,2191,2243,2253,2148,2124
321,350,432,373,303,432,214,508,484,446,566,152,597,106,549,363,332,633,528,643,559,640,602,134,669,154,453,644,526,0,564,707,681,227,743,306,626,341,143,192,674,356,821,781,540,552,481,712,302,618,576,272,761,259,449,906,749,425,707,516,692,749,672,276,793,619,998,818,692,755,812,852,809,400,410,859,875,1185,1208,903,876,946,545,1269,595,1283,1589,1541,1587,1749,1969,1891,1934,1969,1997,2093,2110,2141,2172,2182
343,428,314,261,305,209,480,237,542,145,294,416,370,495,164,205,663,512,47,430,59,274,149,627,389,446,774,197,57,564,0,463,750,417,675,358,40,807,549,505,892,385,792,928,244,947,315,153,842,215,256,828,1003,577,943,682,201,944,1052,385,277,252,307,749,267,1080,690,301,1138,352,1215,368,393,881,922,416,1285,1282,1275,481,1332,505,1005,1470,1066,1565,1627,1784,1797,1886,1857,2087,2102,2106,2106,2160,2215,2223,2106,2080
391,365,284,373,431,347,504,260,308,399,184,580,118,601,303,522,559,131,434,50,405,194,319,675,74,685,601,284,504,707,463,0,390,708,247,697,472,748,783,775,593,753,359,570,696,777,743,537,861,679,714,881,693,868,875,228,589,908,813,818,736,683,769,974,669,946,291,705,976,808,999,787,842,1104,1116,853,1066,856,838,919,1154,932,1248,1080,1301,1216,1173,1401,1396,1454,1399,1671,1676,1669,1662,1705,1768,1771,1644,1621
483,389,446,533,546,557,480,514,229,628,471,625,407,590,594,703,379,269,708,358,696,540,638,581,438,743,330,625,769,681,750,390,0,799,174,829,784,534,808,830,215,896,165,184,932,462,944,868,684,950,961,729,306,920,624,404,923,676,448,1013,1021,999,1040,948,1001,633,546,1037,643,1098,634,1133,1142,1056,1040,1166,697,545,552,1231,800,1254,1199,720,1239,834,928,1037,1046,1145,1289,1337,1357,1367,1377,1450,1488,1507,1492,1501
336,415,428,335,282,369,329,460,575,346,534,177,589,242,466,221,512,674,394,659,433,583,504,351,651,75,642,555,366,227,417,708,799,0,816,82,475,563,141,89,843,130,914,933,325,765,256,546,527,411,360,489,941,168,676,930,572,652,913,289,480,551,453,333,603,844,992,622,917,537,1032,645,590,464,508,643,1096,1334,1348,683,1102,727,590,1449,650,1484,1727,1736,1774,1917,2060,2077,2113,2140,2161,2245,2273,2298,2282,2279
481,406,407,505,539,509,530,443,260,575,381,655,306,642,511,676,489,164,638,240,617,428,543,668,311,772,476,518,705,743,675,247,174,816,0,829,697,666,854,863,388,892,117,335,886,627,915,771,807,886,910,844,474,957,772,232,825,818,621,988,952,912,978,1018,904,799,374,941,814,1026,807,1021,1066,1137,1132,1082,870,614,602,1148,973,1165,1282,832,1327,973,954,1154,1149,1216,1245,1428,1436,1434,1431,1486,1540,1548,1471,1464
351,440,427,330,290,351,377,441,601,313,517,228,580,305,433,182,570,679,343,652,383,555,463,424,635,152,700,516,304,306,358,697,829,82,829,0,416,636,220,163,891,67,932,973,244,832,175,477,607,331,278,571,992,220,752,924,500,731,976,216,398,472,371,403,526,919,975,544,990,455,1102,564,508,530,579,561,1167,1370,1381,601,1178,645,648,1499,710,1542,1757,1791,1825,1960,2072,2127,2160,2200,2200,2279,2312,2334,2299,2292
399,479,358,315,364,259,539,271,584,202,317,479,391,556,190,266,718,535,104,461,93,279,155,688,398,507,826,192,109,626,40,472,784,475,697,416,0,866,609,564,935,434,814,965,268,1001,350,95,904,218,272,890,1046,633,1003,683,147,1005,1102,416,265,216,304,808,220,1137,678,255,1194,335,1268,329,371,939,982,386,1338,1308,1298,452,1388,471,1061,1504,1123,1605,1644,1821,1830,1912,1856,2117,2130,2130,2127,2176,2235,2241,2109,2079
473,420,554,555,502,617,327,656,444,665,680,424,672,338,728,635,189,631,762,735,780,770,787,212,743,487,208,812,786,341,807,748,534,563,666,636,866,0,477,531,427,692,698,556,852,220,807,960,156,918,888,213,482,587,138,884,1007,160,383,851,995,1032,985,515,1065,285,1009,1095,355,1065,472,1144,1100,585,548,1164,534,937,973,1215,544,1254,715,969,743,957,1346,1221,1276,1455,1784,1579,1629,1674,1711,1821,1823,1862,1958,1986
394,449,500,420,355,467,329,554,598,460,622,204,667,218,576,346,473,728,522,723,558,684,621,277,735,107,596,669,501,143,549,783,808,141,854,220,609,477,0,63,815,251,940,919,464,692,387,683,412,551,498,366,903,116,573,996,712,541,849,407,618,692,589,204,743,748,1074,763,823,673,948,784,725,338,374,779,1009,1323,1344,816,1002,861,474,1412,531,1425,1725,1685,1731,1889,2091,2035,2077,2111,2138,2232,2251,2281,2301,2306
390,457,491,404,344,445,350,535,613,429,606,208,657,245,548,307,512,729,482,716,520,661,589,325,722,91,638,639,455,192,505,775,830,89,863,163,564,531,63,0,851,188,955,950,404,743,326,634,473,493,438,428,943,95,632,993,660,601,898,344,559,635,528,244,688,806,1063,706,880,611,1003,725,663,375,419,718,1065,1354,1372,754,1061,800,503,1453,563,1473,1753,1730,1774,1927,2105,2078,2118,2149,2174,2264,2287,2315,2320,2322
576,479,578,646,636,686,515,666,351,755,640,667,587,607,750,801,342,465,847,552,843,720,801,549,632,775,229,798,899,674,892,593,215,843,388,891,935,427,815,851,0,957,353,132,1039,283,1031,1025,582,1073,1071,639,111,931,476,616,1080,537,234,1095,1149,1144,1158,914,1155,443,760,1190,441,1225,419,1260,1300,1002,971,1305,482,517,549,1367,587,1395,1137,608,1168,673,926,906,935,1076,1359,1236,1271,1299,1324,1420,1437,1467,1532,1559
416,506,489,390,355,406,443,494,667,361,571,292,637,367,478,232,634,741,376,707,418,603,503,481,689,205,764,556,328,356,385,753,896,130,892,67,434,692,251,188,957,0,997,1040,225,893,138,487,653,317,255,613,1058,217,805,981,503,780,1039,160,376,462,342,411,519,974,1026,533,1046,425,1161,543,476,530,586,532,1225,1437,1447,566,1232,612,638,1565,700,1607,1823,1856,1891,2026,2134,2193,2227,2250,2267,2346,2379,2401,2363,2354
582,499,517,614,642,622,612,559,342,689,498,747,423,724,628,786,537,280,754,357,733,544,660,732,426,865,495,634,821,821,792,359,165,914,117,932,814,698,940,955,353,997,0,265,1000,621,1026,887,847,1002,1025,891,418,1048,788,282,942,841,585,1099,1068,1029,1094,1094,1021,790,425,1057,793,1143,765,1138,1146,1207,1195,1199,824,498,484,1265,937,1282,1351,724,1393,876,839,1046,1037,1099,1151,1313,1319,1316,1315,1371,1423,1432,1368,1368
639,542,619,699,701,730,604,694,392,801,655,756,591,705,775,864,452,453,885,542,875,724,821,663,621,869,353,809,943,781,928,570,184,933,335,973,965,556,919,950,132,1040,265,0,1098,413,1102,1050,712,1122,1129,767,156,1034,608,545,1105,670,335,1169,1196,1179,1211,1032,1183,566,688,1219,554,1273,507,1293,1320,1125,1098,1345,563,404,428,1408,681,1433,1263,542,1295,649,808,856,871,987,1228,1166,1191,1210,1228,1314,1340,1365,1406,1430
463,561,487,400,403,379,552,445,707,310,516,428,591,514,393,238,752,723,263,663,297,513,391,645,623,389,878,441,194,540,244,696,932,325,886,244,268,852,464,404,1039,225,1000,1098,0,1031,96,290,842,93,37,810,1147,442,977,919,292,962,1161,149,155,238,133,635,297,1136,934,309,1204,215,1304,321,269,755,811,319,1371,1476,1476,364,1395,406,858,1638,920,1709,1839,1944,1967,2077,2094,2264,2288,2299,2307,2370,2417,2430,2339,2317
604,524,656,687,648,743,481,758,476,802,761,609,731,528,838,801,285,647,901,801,910,850,897,418,793,690,182,911,937,552,947,777,462,765,627,832,1001,220,692,743,283,893,621,413,1031,0,998,1096,351,1087,1067,415,297,804,206,859,1147,271,164,1048,1166,1188,1162,733,1213,172,997,1246,202,1239,273,1303,1291,793,749,1332,341,752,797,1387,390,1423,916,756,937,737,1157,1001,1058,1243,1624,1360,1412,1460,1500,1616,1612,1654,1779,1817
463,560,508,413,400,407,527,485,715,346,560,388,633,472,446,241,726,755,323,703,362,570,455,597,673,327,855,507,259,481,315,743,944,256,915,175,350,807,387,326,1031,138,1026,1102,96,998,0,382,782,188,121,745,1137,353,926,970,388,906,1136,75,240,332,203,547,392,1091,996,402,1161,286,1269,407,338,663,722,393,1335,1489,1493,429,1350,474,763,1637,825,1694,1863,1937,1965,2086,2140,2265,2293,2309,2321,2391,2432,2449,2379,2362
493,573,450,410,458,353,633,359,674,296,397,566,467,646,276,349,812,612,197,537,186,344,230,779,464,585,921,254,186,712,153,537,868,546,771,477,95,960,683,634,1025,487,887,1050,290,1096,382,0,994,214,281,978,1135,696,1096,734,55,1097,1196,438,232,150,282,878,134,1232,712,170,1289,289,1362,251,314,1007,1054,317,1432,1384,1371,383,1482,396,1123,1587,1185,1694,1710,1905,1911,1986,1899,2196,2206,2203,2198,2241,2304,2307,2156,2121
536,508,633,611,548,674,386,730,568,709,767,430,772,348,791,651,318,753,801,795,826,854,849,216,846,455,363,882,812,302,842,861,684,527,807,607,904,156,412,473,582,653,847,712,842,351,782,994,0,918,878,64,632,506,174,1016,1036,130,514,813,993,1045,974,394,1086,349,1134,1113,427,1057,565,1151,1111,443,399,1161,618,1089,1127,1205,594,1248,566,1107,590,1076,1498,1343,1405,1594,1940,1706,1760,1810,1852,1966,1963,2005,2112,2141
499,595,504,427,445,393,606,444,731,322,508,495,584,582,378,286,804,723,249,654,274,488,362,716,604,471,927,407,182,618,215,679,950,411,886,331,218,918,551,493,1073,317,1002,1122,93,1087,188,214,918,0,71,890,1182,535,1047,896,206,1035,1210,231,79,145,92,727,204,1201,896,216,1266,154,1360,235,204,848,903,246,1428,1488,1484,300,1459,337,951,1664,1013,1746,1840,1975,1993,2092,2071,2286,2306,2313,2316,2372,2425,2435,2321,2294
495,593,515,430,436,406,587,468,737,336,537,464,613,551,411,272,787,747,280,683,312,528,404,682,641,425,913,452,210,576,256,714,961,360,910,278,272,888,498,438,1071,255,1025,1129,37,1067,121,281,878,71,0,846,1180,472,1014,936,277,998,1196,159,121,212,96,666,273,1173,945,282,1240,179,1340,288,232,783,841,283,1407,1504,1503,328,1432,370,883,1670,946,1742,1864,1977,1999,2106,2111,2295,2317,2328,2334,2395,2444,2456,2358,2334
538,522,640,608,542,671,391,733,598,700,776,412,787,335,790,631,355,779,789,815,816,861,846,214,861,421,415,882,794,272,828,881,729,489,844,571,890,213,366,428,639,613,891,767,810,415,745,978,64,890,846,0,693,453,236,1047,1018,186,578,772,963,1021,941,331,1064,410,1160,1089,488,1024,628,1124,1078,379,336,1129,679,1149,1186,1171,651,1215,504,1171,530,1140,1558,1407,1469,1658,1995,1770,1825,1874,1915,2029,2027,2068,2170,2197
685,588,689,756,744,796,615,777,462,866,750,766,694,702,860,909,432,567,957,656,954,828,911,632,736,871,308,907,1010,761,1003,693,306,941,474,992,1046,482,903,943,111,1058,418,156,1147,297,1137,1135,632,1182,1180,693,0,1020,503,694,1190,567,185,1199,1259,1254,1268,988,1265,429,838,1301,407,1335,351,1371,1384,1066,1030,1415,407,457,500,1477,525,1505,1197,509,1223,563,865,800,833,986,1328,1136,1175,1208,1238,1342,1351,1386,1484,1520
485,551,585,497,438,535,439,625,705,514,698,302,750,331,634,387,590,824,558,810,598,750,672,391,814,186,712,723,524,259,577,868,920,168,957,220,633,587,116,95,931,217,1048,1034,442,804,353,696,506,535,472,453,1020,0,674,1087,717,635,962,351,592,679,555,195,736,850,1156,750,926,636,1055,759,686,313,369,742,1114,1438,1459,771,1100,616,428,1528,490,1539,1840,1799,1846,2005,2198,2150,2193,2228,2255,2348,2367,2397,2411,2415
611,557,691,693,638,755,464,794,568,802,816,551,805,465,866,767,319,753,899,855,917,906,925,332,875,601,296,950,921,449,943,875,624,676,772,752,1003,138,573,632,476,805,788,608,977,206,926,1096,174,1047,1014,236,503,674,0,996,1142,65,358,965,1124,1164,1110,568,1200,176,1126,1229,254,1192,391,1275,1260,608,556,1292,444,958,1003,1341,428,1381,722,950,739,906,1363,1174,1239,1437,1828,1538,1596,1649,1695,1814,1805,1851,1985,2022
603,557,503,596,650,575,695,488,448,627,412,792,344,801,527,750,699,274,657,278,624,408,534,854,297,902,703,491,726,906,682,228,404,930,232,924,683,884,996,993,616,981,282,545,919,859,970,734,1016,896,936,1047,694,1087,996,0,783,1040,850,1045,948,884,985,1180,860,1031,144,895,1046,1016,1035,979,1047,1306,1311,1050,1097,725,693,1117,1203,1124,1451,980,1501,1148,991,1298,1276,1300,1175,1532,1526,1506,1489,1518,1591,1587,1426,1398
544,626,504,461,506,406,680,414,729,346,452,607,522,688,331,387,863,667,247,582,239,398,286,822,518,617,973,307,224,749,201,589,923,572,825,500,147,1007,712,660,1080,503,942,1105,292,1147,388,55,1036,206,277,1018,1190,717,1142,783,0,1142,1249,437,206,107,259,903,79,1281,755,116,1339,252,1414,198,270,1029,1079,267,1484,1439,1425,333,1532,343,1141,1642,1204,1749,1762,1960,1967,2040,1943,2251,2261,2257,2251,2293,2357,2360,2203,2166
621,576,708,701,642,764,471,809,604,806,837,541,831,456,877,761,349,790,901,844,922,927,936,321,903,579,346,965,918,425,944,908,676,652,818,731,1005,160,541,601,537,780,841,670,962,271,906,1097,130,1035,998,186,567,635,65,1040,1142,0,423,940,1111,1158,1094,516,1196,226,1167,1224,303,1177,446,1266,1231,549,495,1279,495,1023,1067,1326,465,1367,659,1014,675,966,1428,1234,1301,1500,1892,1599,1658,1712,1759,1879,1869,1915,2050,2087
714,624,746,793,765,844,610,844,537,908,833,749,790,672,927,926,410,682,1006,765,1010,918,983,573,843,839,283,989,1049,707,1052,813,448,913,621,976,1102,383,849,898,234,1039,585,335,1161,164,1136,1196,514,1210,1196,578,185,962,358,850,1249,423,0,1190,1288,1299,1289,897,1319,251,994,1353,222,1363,187,1416,1414,957,911,1452,253,613,664,1510,353,1543,1077,594,1096,576,1010,839,893,1081,1496,1196,1248,1296,1338,1456,1449,1493,1637,1681
531,627,581,485,468,481,585,560,784,420,635,441,707,520,520,313,782,829,396,777,434,644,527,639,747,364,912,579,330,516,385,818,1013,289,988,216,416,851,407,344,1095,160,1099,1169,149,1048,75,438,813,231,159,772,1199,351,965,1045,437,940,1190,0,262,366,215,545,429,1133,1069,433,1205,291,1317,423,338,651,715,395,1382,1558,1564,420,1391,468,740,1701,802,1753,1935,1999,2029,2154,2215,2330,2359,2378,2390,2462,2502,2520,2453,2437
577,672,577,503,523,466,685,511,805,395,571,572,647,659,441,364,882,788,315,717,335,543,417,792,662,542,1005,457,253,692,277,736,1021,480,952,398,265,995,618,559,1149,376,1068,1196,155,1166,240,232,993,79,121,963,1259,592,1124,948,206,1111,1288,262,0,120,55,787,173,1279,938,172,1344,77,1438,167,180,903,961,169,1507,1557,1551,222,1537,258,999,1738,1061,1822,1904,2050,2066,2161,2120,2359,2376,2381,2383,2436,2491,2499,2374,2343
586,676,565,506,540,459,711,485,794,391,534,616,607,702,406,397,902,751,297,677,304,490,370,837,610,606,1019,400,251,749,252,683,999,551,912,472,216,1032,692,635,1144,462,1029,1179,238,1188,332,150,1045,145,212,1021,1254,679,1164,884,107,1158,1299,366,120,0,165,871,63,1312,861,71,1374,145,1458,117,164,992,1047,170,1528,1524,1514,236,1567,255,1095,1719,1157,1816,1857,2035,2045,2128,2048,2333,2346,2346,2342,2389,2449,2454,2307,2271
583,680,593,513,526,483,681,536,820,412,599,560,675,647,470,363,881,814,341,746,365,578,452,778,695,520,1006,495,274,672,307,769,1040,453,978,371,304,985,589,528,1158,342,1094,1211,133,1162,203,282,974,92,96,941,1268,555,1110,985,259,1094,1289,215,55,165,0,749,228,1269,981,224,1336,84,1434,208,137,862,923,190,1502,1579,1575,231,1528,274,954,1753,1017,1830,1932,2062,2082,2183,2160,2376,2396,2404,2407,2464,2516,2526,2411,2383
584,624,693,619,552,669,490,755,759,663,820,396,860,380,780,548,581,907,724,930,761,886,824,370,930,311,685,873,699,276,749,974,948,333,1018,403,808,515,204,244,914,411,1094,1032,635,733,547,878,394,727,666,331,988,195,568,1180,903,516,897,545,787,871,749,0,927,741,1266,943,819,831,959,954,881,134,176,937,1011,1431,1460,965,976,1013,274,1484,329,1467,1839,1733,1791,1970,2237,2093,2144,2189,2224,2330,2337,2374,2434,2449
609,695,577,527,567,475,741,490,804,412,531,656,601,740,408,436,928,746,314,664,312,477,364,675,597,654,1041,387,279,793,267,669,1001,603,904,526,220,1065,743,688,1155,519,1021,1183,297,1213,392,134,1086,204,273,1064,1265,736,1200,860,79,1196,1319,429,173,63,228,927,0,1343,828,37,1403,197,1482,119,204,1049,1103,192,1552,1518,1505,257,1596,264,1154,1720,1217,1825,1841,2038,2045,2120,2016,2330,2340,2336,2330,2372,2436,2438,2277,2238
739,670,804,823,776,882,602,908,641,936,918,709,893,622,985,917,424,817,1035,890,1049,1008,1044,495,958,769,345,1063,1064,619,1080,946,633,844,799,919,1137,285,748,806,443,974,790,566,1136,172,1091,1232,349,1201,1173,410,429,850,176,1031,1281,226,251,1133,1279,1312,1269,741,1343,0,1169,1345,78,1349,222,1425,1402,773,716,1447,269,862,914,1499,259,1537,877,813,887,745,1255,1014,1085,1295,1747,1380,1443,1502,1553,1681,1662,1712,1884,1930
682,652,574,659,720,625,792,534,566,665,459,871,407,892,552,795,821,382,674,337,637,426,543,960,342,974,836,493,741,998,690,291,546,992,374,975,678,1009,1074,1063,760,1026,425,688,934,997,996,712,1134,896,945,1160,838,1156,1126,144,755,1167,994,1069,938,861,981,1266,828,1169,0,860,1187,1001,1179,945,1050,1396,1407,1020,1241,842,803,1085,1346,1086,1539,1106,1592,1282,1070,1420,1392,1397,1189,1637,1623,1596,1571,1586,1669,1658,1451,1411
642,729,613,561,599,510,772,526,839,445,567,683,638,768,444,463,960,783,348,698,347,514,401,903,633,676,1074,427,310,818,301,705,1037,622,941,544,255,1095,763,706,1190,533,1057,1219,309,1246,402,170,1113,216,282,1089,1301,750,1229,895,116,1224,1353,433,172,71,224,943,37,1345,860,0,1434,181,1515,84,179,1063,1119,161,1585,1554,1541,224,1628,229,1165,1757,1228,1861,1877,2074,2082,2156,2049,2366,2376,2400,2366,2408,2472,2474,2311,2271
795,721,854,879,835,937,663,957,677,993,962,777,932,691,1036,981,477,846,1092,921,1104,1052,1095,566,994,842,383,1110,1124,692,1138,976,643,917,814,990,1194,355,823,880,441,1046,793,554,1204,202,1161,1289,427,1266,1240,488,407,926,254,1046,1339,303,222,1205,1344,1374,1336,819,1403,78,1187,1434,0,1416,147,1488,1469,849,791,1512,192,820,875,1565,194,1603,951,751,959,673,1204,941,1015,1229,1706,1308,1372,1434,1487,1618,1595,1647,1834,1885
653,748,654,579,598,543,758,587,882,472,646,641,721,728,515,438,956,863,391,790,410,614,489,860,733,603,1080,526,329,755,352,808,1098,537,1026,455,335,1065,673,611,1225,425,1143,1273,215,1239,286,289,1057,154,179,1024,1335,636,1192,1016,252,1177,1363,291,77,145,84,831,197,1349,1001,181,1416,0,1511,139,54,941,1003,107,1580,1633,1627,150,1608,191,1030,1815,1092,1899,1977,2127,2143,2237,2186,2435,2453,2457,2458,2510,2566,2574,2441,2408
873,789,916,955,919,1009,754,1017,717,1070,1011,880,971,798,1099,1074,556,867,1169,1001,1176,1098,1156,681,1027,956,442,1165,1207,812,1215,999,634,1032,807,1102,1268,472,948,1003,419,1161,765,507,1304,273,1269,1362,565,1360,1340,628,351,1055,391,1035,1414,446,187,1317,1438,1458,1434,959,1482,222,1179,1515,147,1511,0,1574,1564,994,937,1604,70,709,769,1660,174,1695,1098,613,1107,525,1079,794,868,1085,1593,1161,1225,1288,1343,1476,1451,1504,1708,1765
702,793,682,623,655,576,825,599,910,508,645,725,717,811,519,509,1018,862,414,787,419,595,479,946,715,705,1135,505,367,852,368,787,1133,645,1021,564,329,1144,784,725,1260,543,1138,1293,321,1303,407,251,1151,235,288,1124,1371,759,1275,979,198,1266,1416,423,167,117,208,954,119,1425,945,84,1488,139,1574,0,115,1069,1128,80,1643,1634,1622,141,1681,145,1163,1833,1225,1932,1960,2150,2159,2237,2133,2445,2456,2454,2448,2491,2555,2557,2395,2355
703,798,700,628,649,590,810,630,929,519,685,694,760,781,555,490,1008,903,435,830,450,595,525,913,769,657,1131,565,375,809,393,842,1142,590,1066,508,371,1100,725,663,1300,476,1146,1320,269,1291,338,314,1111,204,232,1078,1384,686,1260,1047,270,1231,1414,338,180,164,137,881,204,1402,1050,179,1469,54,1564,115,0,989,1052,50,1632,1675,1667,98,1660,137,1074,1860,1136,1900,2120,2173,2188,2190,2234,2479,2495,2510,2550,2561,2605,2611,2470,2434
715,749,825,753,685,803,612,888,877,798,953,528,992,505,914,681,681,1033,857,1041,895,1019,959,475,1062,445,773,1007,830,400,881,1104,1056,464,1137,530,939,585,338,375,1002,530,1207,1125,755,793,663,1007,443,848,783,379,1066,313,608,1306,1029,549,957,651,903,992,862,134,1049,773,1396,1063,849,941,994,1069,989,0,76,1047,1040,1517,1551,1069,988,1118,146,1550,196,1514,1927,1782,1846,2037,2342,2146,2203,2253,2294,2406,2405,2446,2531,2551
731,755,841,776,707,830,616,912,874,830,973,549,1006,515,943,720,662,1037,895,1051,932,1044,991,464,1078,479,744,1038,874,410,922,1116,1040,508,1132,579,982,548,374,419,971,586,1195,1098,811,749,722,1054,399,903,841,336,1030,369,556,1311,1079,495,911,715,961,1047,923,176,1103,716,1407,1119,791,1003,937,1128,1052,76,0,1109,980,1484,1520,1134,923,1183,167,1504,199,1460,1894,1729,1795,1991,2321,2094,2153,2205,2249,2364,2360,2403,2503,2527
738,831,728,661,687,619,852,652,957,550,703,741,777,829,575,532,1048,921,460,843,471,659,540,961,780,708,1169,569,406,859,416,853,1166,643,1082,561,386,1164,779,718,1305,532,1199,1345,319,1332,393,317,1161,246,283,1129,1415,742,1292,1050,267,1279,1452,395,169,170,190,937,192,1447,1020,161,1512,107,1604,80,50,1047,1109,0,1673,1694,1684,66,1705,91,1133,1886,1194,1978,2026,2201,2213,2297,2209,2502,2515,2516,2512,2558,2619,2623,2469,2431
943,859,986,1025,989,1079,822,1087,786,1140,1081,947,1041,863,1169,1142,626,935,1239,1091,1246,1168,1226,745,1095,1020,512,1235,1277,875,1285,1066,697,1096,870,1167,1338,534,1009,1065,482,1225,824,563,1371,341,1335,1432,618,1428,1407,679,407,1114,444,1097,1484,495,253,1382,1507,1528,1502,1011,1552,269,1241,1585,192,1580,70,1643,1632,1040,980,1673,0,732,794,1728,135,1764,1138,608,1143,496,1086,762,843,1069,1610,1129,1198,1266,1325,1463,1431,1487,1714,1775
1027,932,988,1078,1090,1098,1006,1046,774,1168,991,1157,918,1109,1120,1248,854,773,1242,890,1225,1041,1155,1065,924,1272,746,1132,1306,1185,1282,856,545,1334,614,1370,1308,937,1323,1354,517,1437,498,404,1476,752,1489,1384,1089,1488,1504,1149,457,1438,958,725,1439,1023,613,1558,1557,1524,1579,1431,1518,862,842,1554,820,1633,709,1634,1675,1517,1484,1694,732,0,67,1760,867,1778,1651,280,1679,492,409,579,551,604,886,816,822,825,832,911,944,964,1027,1068
1034,941,989,1081,1097,1097,1023,1040,781,1167,982,1172,907,1128,1112,1252,880,764,1236,841,1217,1027,1144,1091,908,1289,778,1118,1302,1208,1275,838,552,1348,602,1381,1298,973,1344,1372,549,1447,484,428,1476,797,1493,1371,1127,1484,1503,1186,500,1459,1003,693,1425,1067,664,1564,1551,1514,1575,1460,1505,914,803,1541,875,1627,769,1622,1667,1551,1520,1684,794,67,0,1750,928,1766,1686,339,1716,555,381,627,589,616,832,840,839,832,832,899,941,956,985,1020
797,892,791,722,744,681,906,717,1020,611,769,791,843,877,640,586,1104,987,524,903,536,726,606,1009,846,751,1227,636,467,903,481,919,1231,683,1148,601,452,1215,816,754,1367,566,1265,1408,364,1387,429,383,1205,300,328,1171,1477,771,1341,1117,333,1326,1510,420,222,236,231,965,257,1499,1085,224,1565,150,1660,141,98,1069,1134,66,1728,1760,1750,0,1757,49,1148,1950,1209,2040,2093,2264,2277,2363,2274,2567,2581,2582,2578,2625,2686,2690,2535,2495
989,913,1045,1072,1029,1130,857,1148,861,1187,1150,967,1117,881,1228,1174,670,1023,1286,1167,1297,1239,1286,754,1177,1027,572,1300,1318,876,1332,1154,800,1102,973,1178,1388,544,1002,1061,587,1232,937,681,1395,390,1350,1482,594,1459,1432,651,525,1100,428,1203,1532,465,353,1391,1537,1567,1528,976,1596,259,1346,1628,194,1608,174,1681,1660,988,923,1705,135,867,928,1757,0,1795,1073,734,1072,601,1217,860,947,1182,1744,1224,1298,1372,1436,1579,1540,1599,1843,1907
829,922,817,752,778,709,942,739,1046,640,788,830,860,917,661,622,1139,1005,549,925,558,740,623,1050,860,794,1260,650,496,946,505,932,1254,727,1165,645,471,1254,861,800,1395,612,1282,1433,406,1423,474,396,1248,337,370,1215,1505,616,1381,1124,343,1367,1543,468,258,255,274,1013,264,1537,1086,229,1603,191,1695,145,137,1118,1183,91,1764,1778,1766,49,1795,0,1197,1973,1258,2068,2105,2289,2300,2381,2274,2588,2600,2599,2593,2636,2700,2703,2537,2495
858,894,967,892,825,941,758,1027,1023,931,1094,670,1134,650,1049,810,822,1178,984,1204,1023,1158,1091,619,1204,580,909,1141,952,545,1005,1248,1199,590,1282,648,1061,715,474,503,1137,638,1351,1263,858,916,763,1123,566,951,883,504,1197,428,722,1451,1141,659,1077,740,999,1095,954,274,1154,877,1539,1165,951,1030,1098,1163,1074,146,167,1133,1138,1651,1686,1148,1073,1197,0,1671,62,1623,2060,1891,1960,2158,2484,2257,2317,2380,2416,2532,2527,2570,2669,2691
1177,1079,1161,1240,1238,1272,1122,1234,933,1343,1190,1274,1122,1211,1314,1403,941,978,1426,1130,1415,1253,1357,1138,1141,1381,816,1341,1485,1269,1470,1080,720,1449,832,1499,1504,969,1412,1453,608,1565,724,542,1638,756,1637,1587,1107,1664,1670,1171,509,1528,950,980,1642,1014,594,1701,1738,1719,1753,1484,1720,813,1106,1757,751,1815,613,1833,1860,1550,1504,1886,608,280,339,1950,734,1973,1671,0,1689,223,492,322,329,487,1035,629,665,704,745,867,856,900,1111,1181
911,944,1021,948,881,998,807,1084,1068,990,1149,724,1188,701,1107,870,861,1227,1044,1237,1083,1215,1151,661,1259,638,942,1200,1013,595,1066,1301,1239,650,1327,710,1123,743,531,563,1168,700,1393,1295,920,937,825,1185,590,1013,946,530,1223,490,739,1501,1204,675,1096,802,1061,1157,1017,329,1217,887,1592,1228,959,1092,1107,1225,1136,196,199,1194,1143,1679,1716,1209,1072,1258,62,1689,0,1632,2088,1901,1972,2175,2520,2267,2330,2387,2433,2552,2544,2589,2700,2725
1248,1151,1251,1319,1306,1359,1168,1335,1022,1429,1301,1315,1240,1242,1418,1471,973,1102,1519,1240,1514,1373,1466,1149,1270,1411,843,1457,1573,1283,1565,1216,834,1484,973,1542,1605,957,1425,1473,673,1607,876,649,1709,737,1694,1694,1076,1746,1742,1140,563,1539,906,1148,1749,966,576,1753,1822,1816,1830,1467,1825,745,1282,1861,673,1899,525,1932,1900,1514,1460,1978,496,492,555,2040,601,2068,1623,223,1632,0,693,269,347,583,1239,635,702,771,835,981,938,998,1288,1369
1408,1317,1355,1449,1471,1461,1403,1397,1156,1529,1333,1552,1257,1509,1463,1622,1260,1118,1591,1230,1569,1367,1489,1472,1246,1668,1155,1457,1659,1589,1627,1173,928,1727,954,1757,1644,1346,1725,1753,926,1823,839,808,1839,1157,1863,1710,1498,1840,1864,1558,865,1840,1363,991,1762,1428,1010,1935,1904,1857,1932,1839,1841,1255,1070,1877,1204,1977,1079,1960,2120,1927,1894,2026,1086,409,381,2093,1217,2105,2060,492,2088,693,0,600,507,368,547,626,583,534,501,533,601,598,630,691
1482,1384,1473,1549,1542,1583,1414,1550,1244,1654,1508,1564,1441,1495,1631,1707,1224,1299,1740,1491,1731,1573,1675,1408,1462,1664,1095,1660,1798,1541,1784,1401,1037,1736,1154,1791,1821,1221,1685,1730,906,1856,1046,856,1944,1001,1937,1905,1343,1975,1977,1407,800,1799,1174,1298,1960,1234,839,1999,2050,2035,2062,1733,2038,1014,1420,2074,941,2127,794,2150,2173,1782,1729,2201,762,579,627,2264,860,2289,1891,322,1901,269,600,0,109,364,1124,367,438,519,594,752,689,758,1119,1217
1506,1408,1489,1569,1567,1600,1448,1561,1262,1671,1514,1600,1445,1534,1640,1732,1263,1300,1754,1415,1742,1574,1681,1455,1460,1704,1136,1663,1814,1587,1797,1396,1046,1774,1149,1825,1830,1276,1731,1774,935,1891,1037,871,1967,1058,1965,1911,1405,1993,1999,1469,833,1846,1239,1276,1967,1301,893,2029,2066,2045,2082,1791,2045,1085,1392,2082,1015,2143,868,2159,2188,1846,1795,2213,843,551,589,2277,947,2300,1960,329,1972,347,507,109,0,255,1020,304,358,425,493,647,593,657,1009,1109
1624,1527,1591,1678,1686,1701,1587,1650,1372,1771,1594,1740,1521,1682,1724,1847,1416,1376,1846,1481,1829,1642,1758,1618,1524,1850,1294,1733,1910,1749,1886,1454,1145,1917,1216,1960,1912,1455,1889,1927,1076,2026,1099,987,2077,1243,2086,1986,1594,2092,2106,1658,986,2005,1437,1300,2040,1500,1081,2154,2161,2128,2183,1970,2120,1295,1397,2156,1229,2237,1085,2237,2190,2037,1991,2297,1069,604,616,2363,1182,2381,2158,487,2175,583,368,364,255,0,806,258,227,223,259,398,369,419,762,869
1725,1648,1645,1743,1783,1735,1762,1655,1493,1794,1580,1897,1507,1874,1701,1910,1661,1393,1832,1457,1800,1584,1709,1869,1471,2015,1580,1665,1901,1969,1857,1399,1289,2060,1245,2072,1856,1784,2091,2105,1359,2134,1151,1228,2094,1624,2140,1899,1940,2071,2111,1995,1328,2198,1828,1175,1943,1892,1496,2215,2120,2048,2160,2237,2016,1747,1189,2049,1706,2186,1593,2133,2234,2342,2321,2209,1610,886,832,2274,1744,2274,2484,1035,2520,1239,547,1124,1020,806,0,1027,944,845,757,649,789,724,278,223
1804,1706,1783,1865,1866,1893,1751,1850,1557,1965,1800,1902,1729,1838,1927,2030,1567,1584,2045,1667,2031,1855,1966,1759,1739,2008,1440,1945,2106,1891,2087,1671,1337,2077,1428,2127,2117,1579,2035,2078,1236,2193,1313,1166,2264,1360,2265,2196,1706,2286,2295,1770,1136,2150,1538,1532,2251,1599,1196,2330,2359,2333,2376,2093,2330,1380,1637,2366,1308,2435,1161,2445,2479,2146,2094,2502,1129,816,840,2567,1224,2588,2257,629,2267,635,626,367,304,258,1027,0,101,214,314,480,373,456,933,1053
